0 3 100 -0.090536 0.995893 -1.664212 -0.995893 -0.090536 346.511031 0 0 1
0 10 100 -0.822399 0.568912 268.442512 -0.568912 -0.822399 772.301068 0 0 1
0 11 100 -0.473162 0.880975 15.083900 -0.880975 -0.473162 442.959736 0 0 1
0 19 100 -0.996360 -0.085250 647.991440 0.085250 -0.996360 642.571589 0 0 1
0 22 100 -0.999694 0.024734 542.211959 -0.024734 -0.999694 916.395877 0 0 1
1 10 100 -0.219470 -0.975619 493.221934 0.975619 -0.219470 -368.367813 0 0 1
1 25 100 -0.797316 -0.603561 696.694002 0.603561 -0.797316 7.078824 0 0 1
1 26 100 0.943729 0.330720 442.129070 -0.330720 0.943729 -108.482188 0 0 1
2 3 100 0.939818 0.341674 -178.830024 -0.341674 0.939818 -144.012487 0 0 1
2 14 100 0.644501 -0.764603 209.679386 0.764603 0.644501 -358.521866 0 0 1
2 19 100 0.692389 -0.721525 143.715672 0.721525 0.692389 -8.618237 0 0 1
2 20 100 0.835067 -0.550149 384.199965 0.550149 0.835067 -388.094144 0 0 1
3 4 100 -0.873880 -0.486143 339.800606 0.486143 -0.873880 465.604902 0 0 1
3 5 100 -0.890550 0.454885 78.379392 -0.454885 -0.890550 343.008374 0 0 1
3 14 100 0.322233 -0.946660 444.118600 0.946660 0.322233 -61.523248 0 0 1
3 19 100 0.991098 -0.133133 -181.985738 0.133133 0.991098 59.365452 0 0 1
3 21 100 0.952243 -0.305342 -377.555115 0.305342 0.952243 397.371989 0 0 1
3 22 100 0.965949 -0.258732 92.863115 0.258732 0.965949 -95.329109 0 0 1
4 5 100 -0.969438 0.245337 98.860679 -0.245337 -0.969438 833.853282 0 0 1
4 21 100 0.194560 0.980891 231.216852 -0.980891 0.194560 455.543120 0 0 1
5 15 100 0.931564 -0.363579 246.515805 0.363579 0.931564 137.942442 0 0 1
6 20 100 -0.992621 -0.121256 396.794676 0.121256 -0.992621 887.039386 0 0 1
8 12 100 0.921635 -0.388057 -192.367507 0.388057 0.921635 491.674203 0 0 1
8 27 100 -0.999254 0.038628 239.613582 -0.038628 -0.999254 631.611095 0 0 1
8 30 100 -0.784302 0.620379 40.694637 -0.620379 -0.784302 675.368154 0 0 1
10 11 100 0.468820 0.883294 -445.017349 -0.883294 0.468820 274.683498 0 0 1
10 13 100 -0.012621 -0.999920 301.400904 0.999920 -0.012621 -149.331874 0 0 1
10 22 100 0.335891 -0.941901 440.381327 0.941901 0.335891 271.831562 0 0 1
10 25 100 0.718652 -0.695370 358.624571 0.695370 0.718652 -292.376190 0 0 1
11 12 100 0.999126 -0.041799 40.112047 0.041799 0.999126 -63.667058 0 0 1
11 13 100 0.994402 0.105662 106.153953 -0.105662 0.994402 358.977204 0 0 1
12 13 100 -0.764389 -0.644755 715.429491 0.644755 -0.764389 404.449667 0 0 1
12 27 100 -0.849903 -0.526940 628.420286 0.526940 -0.849903 503.583750 0 0 1
12 28 100 0.995375 0.096061 277.388011 -0.096061 0.995375 70.175581 0 0 1
13 25 100 0.705771 0.708440 -135.996317 -0.708440 0.705771 -58.873342 0 0 1
13 28 100 0.295349 0.955389 -56.010662 -0.955389 0.295349 392.715544 0 0 1
13 29 100 -0.024854 0.999691 -305.171431 -0.999691 -0.024854 216.269207 0 0 1
14 15 100 0.546611 0.837387 -192.839127 -0.837387 0.546611 254.323404 0 0 1
14 18 100 -0.790112 0.612962 428.056690 -0.612962 -0.790112 487.735050 0 0 1
14 20 100 0.766052 -0.642779 530.029279 0.642779 0.766052 -241.447006 0 0 1
15 18 100 0.667341 0.744752 233.527324 -0.744752 0.667341 291.200582 0 0 1
18 20 100 -0.936628 -0.350324 236.956277 0.350324 -0.936628 494.431139 0 0 1
18 23 100 -0.083195 -0.996533 382.631924 0.996533 -0.083195 137.044020 0 0 1
19 20 100 -0.968784 -0.247904 747.557465 0.247904 -0.968784 313.669544 0 0 1
20 23 100 0.386482 0.922297 -262.863549 -0.922297 0.386482 296.247390 0 0 1
20 24 100 -0.865736 0.500500 139.080753 -0.500500 -0.865736 858.168237 0 0 1
21 22 100 -0.996087 -0.088381 653.192740 0.088381 -0.996087 729.118252 0 0 1
23 24 100 -0.067441 -0.997723 827.334810 0.997723 -0.067441 -94.911207 0 0 1
25 26 100 -0.953565 0.301186 140.448801 -0.301186 -0.953565 251.533375 0 0 1
25 29 100 0.213006 0.977051 -229.860828 -0.977051 0.213006 181.498389 0 0 1
26 29 100 -0.402404 -0.915462 597.237658 0.915462 -0.402404 8.337131 0 0 1
27 28 100 0.808736 -0.588172 -3.245087 0.588172 0.808736 -131.854473 0 0 1
27 30 100 -0.623841 0.781551 -15.732384 -0.781551 -0.623841 348.851476 0 0 1
28 29 100 0.707335 -0.706878 525.954432 0.706878 0.707335 -104.777058 0 0 1
28 30 100 0.741682 -0.670752 487.623089 0.670752 0.741682 -182.321914 0 0 1
29 30 100 0.997911 0.064608 -159.131837 -0.064608 0.997911 -157.500397 0 0 1
